4294967279,373
4294967278,341
4294967279,549
4294967278,324
4294967279,322
4294967278,147
4294967279,343
4294967278,406
4294967279,349
4294967278,431
4294967278,411
4294967279,288
4294967279,137
4294967279,334
4294967278,396
4294967279,271
4294967279,269
4294967278,414
4294967279,354
4294967278,260
4294967279,338
4294967278,390
4294967279,262
4294967278,394
4294967279,337
4294967278,280
4294967278,322
4294967279,257
4294967278,263
4294967278,377
4294967278,370
4294967278,376
236,6
236,5
236,4
4294967278,254
236,3
236,2
236,1
4294967279,536
4294967294,30
4294967294,61
4294967278,252
4294967294,75
4294967294,169
4294967294,175
4294967294,174
4294967294,173
4294967294,18
4294967294,127
4294967294,14
4294967294,126
4294967294,20
4294967294,13
4294967294,104
4294967294,106
4294967294,166
4294967294,24
4294967294,160
4294967294,168
4294967294,162
4294967294,443
4294967278,247
4294967278,242
4294967278,240
4294967294,12
4294967279,234
4294967278,385
4294967278,418
4294967278,174
4294967278,386
4294967278,373
4294967278,63
4294967278,62
4294967278,61
4294967278,60
4294967278,416
4294967278,59
4294967278,58
4294967278,57
4294967278,335
4294967278,56
4294967278,55
4294967278,54
4294967278,415
4294967278,53
4294967278,52
4294967278,51
4294967278,50
4294967278,49
4294967278,48
4294967278,47
4294967278,46
4294967278,45
4294967278,44
4294967279,313
4294967279,87
4294967279,86
4294967279,84
4294967279,83
4294967279,82
4294967279,81
4294967279,80
4294967279,303
4294967279,302
4294967279,78
4294967279,77
4294967279,74
4294967279,329
4294967279,73
4294967279,72
4294967279,71
4294967279,70
4294967279,69
4294967279,67
4294967279,66
4294967279,65
4294967279,64
4294967279,63
4294967279,62
4294967279,61
4294967279,59
4294967279,57
4294967279,55
4294967279,54
4294967279,53
4294967279,52
4294967279,50
4294967279,49
4294967279,48
4294967279,47
4294967279,45
4294967279,44
4294967279,43
4294967279,41
4294967279,39
4294967279,37
4294967279,36
4294967279,33
4294967279,32
4294967279,30
4294967279,28
4294967279,27
4294967279,25
4294967279,24
4294967279,22
4294967279,20
4294967279,19
4294967279,18
4294967279,17
4294967279,339
4294967279,14
4294967279,12
4294967279,11
4294967279,9
4294967279,8
4294967279,372
4294967279,221
4294967279,311
4294967278,430
4294967278,429
4294967278,345
4294967278,199
4294967279,331
4294967278,194
235,6
235,5
4294967279,196
235,4
4294967278,195
235,3
235,2
235,1
4294967279,195
4294967278,428
4294967278,363
4294967279,564
4294967278,312
4294967278,403
4294967278,256
4294967294,387
4294967279,299
4294967278,180
4294967278,309
4294967279,525
4294967278,342
4294967279,297
4294967278,308
4294967279,176
4294967279,175
4294967279,169
4294967278,171
232,6
232,5
4294967278,170
232,4
4294967279,170
232,3
232,2
232,1
4294967294,915
4294967294,901
4294967294,899
4294967294,961
4294967279,295
4294967279,260
4294967279,344
4294967278,333
4294967278,165
4294967279,165
4294967279,164
4294967278,427
4294967279,154
4294967279,551
4294967278,359
4294967279,346
4294967278,408
4294967278,150
4294967278,343
4294967279,149
4294967279,319
4294967279,147
229,6
229,5
229,4
229,3
229,2
229,1
4294967278,426
4294967279,144
4294967278,425
4294967279,289
4294967278,290
4294967278,140
4294967279,139
4294967278,139
4294967279,138
4294967278,138
4294967278,134
4294967278,289
4294967279,371
4294967278,287
4294967278,269
4294967278,268
4294967278,325
226,6
226,5
226,4
226,3
226,2
226,1
4294967279,324
4294967278,264
4294967294,436
4294967279,370
4294967278,279
4294967278,409
4294967279,253
4294967279,545
4294967278,257
4294967279,541
4294967278,424
4294967279,560
4294967278,243
4294967279,535
4294967278,248
4294967278,249
4294967279,369
223,6
223,5
223,4
223,3
223,2
223,1
4294967278,235
4294967279,235
4294967294,408
4294967294,400
4294967294,1415
4294967294,178
4294967294,948
4294967294,467
4294967294,113
4294967294,109
4294967294,384
4294967278,233
4294967279,232
4294967278,231
4294967279,229
4294967279,227
4294967279,225
4294967279,223
4294967279,219
4294967279,217
4294967278,215
4294967279,215
4294967279,213
4294967279,212
4294967279,368
4294967279,211
4294967278,210
4294967279,210
4294967279,209
220,4
220,3
220,2
220,1
4294967279,208
4294967294,1413
4294967294,914
4294967294,179
4294967294,906
4294967294,898
4294967294,908
4294967279,207
4294967278,206
219,4
4294967279,205
219,3
219,2
219,1
4294967279,306
4294967279,367
218,6
4294967278,344
218,5
4294967294,89
218,4
218,3
218,2
218,1
4294967279,538
217,5
4294967279,190
217,4
217,3
217,2
217,1
4294967278,383
216,5
216,4
216,3
216,2
216,1
4294967294,392
4294967294,468
215,4
215,3
215,2
215,1
0,7
4294967279,523
4294967294,389
4294967294,0
4294967278,361
4294967279,353
4294967294,386
4294967278,307
4294967278,402
4294967278,412
4294967294,393
4294967294,45
4294967294,388
4294967294,44
4294967294,114
4294967294,120
4294967294,423
4294967294,115
4294967294,902
4294967294,29
4294967294,185
4294967294,903
4294967294,1
4294967294,118
4294967294,469
4294967278,306
4294967294,2
4294967294,40
4294967294,41
4294967294,38
4294967294,37
4294967294,82
4294967294,42
4294967294,107
4294967294,91
4294967294,90
4294967294,87
4294967294,86
4294967294,85
4294967294,84
4294967294,950
4294967294,921
4294967294,949
4294967294,418
4294967294,28
4294967294,53
4294967294,426
4294967294,36
4294967294,39
4294967294,1416
4294967294,51
4294967294,96
4294967294,94
4294967294,9
4294967294,8
4294967278,401
4294967294,7
4294967294,22
4294967294,969
4294967294,1414
4294967294,83
4294967294,68
4294967294,11
4294967294,81
4294967278,132
4294967278,131
4294967278,130
4294967278,129
4294967278,128
4294967278,127
4294967278,126
4294967278,125
4294967278,124
4294967278,0
4294967278,347
4294967278,123
4294967278,122
4294967278,121
4294967278,120
4294967278,119
4294967278,118
4294967278,117
4294967278,116
4294967278,115
4294967278,114
4294967278,113
4294967278,112
4294967278,111
4294967278,110
4294967278,109
4294967278,108
4294967278,107
4294967278,106
4294967278,105
4294967278,104
4294967278,103
4294967278,102
4294967278,101
4294967278,100
